    0.00       5.1286    3.0455    2.5549   1456.0     600.0
    2.00       5.1286    3.0455    2.5549   1456.0     600.0
    2.00       5.1407    3.0525    2.5569   1456.0     600.0
    4.00       5.1407    3.0525    2.5569   1456.0     600.0
    4.00       5.1841    3.0755    2.5639   1456.0     600.0
    6.00       5.1841    3.0755    2.5639   1456.0     600.0
    6.00       5.7373    3.3827    2.6627   1456.0     600.0
    8.00       5.7373    3.3827    2.6627   1456.0     600.0
    8.00       5.6659    3.3453    2.6489   1456.0     600.0
   10.00       5.6659    3.3453    2.6489   1456.0     600.0
   10.00       5.5210    3.2665    2.6129   1456.0     600.0
   12.00       5.5210    3.2665    2.6129   1456.0     600.0
   12.00       5.7716    3.4020    2.6695   1456.0     600.0
   14.00       5.7716    3.4020    2.6695   1456.0     600.0
   14.00       5.6882    3.3575    2.6532   1456.0     600.0
   16.00       5.6882    3.3575    2.6532   1456.0     600.0
   16.00       5.5300    3.2714    2.6235   1456.0     600.0
   18.00       5.5300    3.2714    2.6235   1456.0     600.0
   18.00       5.7386    3.3844    2.6630   1456.0     600.0
   20.00       5.7386    3.3844    2.6630   1456.0     600.0
   20.00       6.0285    3.5375    2.7228   1456.0     600.0
   22.00       6.0285    3.5375    2.7228   1456.0     600.0
   22.00       6.2331    3.6435    2.7686   1456.0     600.0
   24.00       6.2331    3.6435    2.7686   1456.0     600.0
   24.00       6.2171    3.6352    2.7649   1456.0     600.0
   26.00       6.2171    3.6352    2.7649   1456.0     600.0
   26.00       6.0683    3.5582    2.7315   1456.0     600.0
   28.00       6.0683    3.5582    2.7315   1456.0     600.0
   28.00       6.0206    3.5334    2.7211   1456.0     600.0
   30.00       6.0206    3.5334    2.7211   1456.0     600.0
   30.00       6.0398    3.5434    2.7253   1456.0     600.0
   32.00       6.0398    3.5434    2.7253   1456.0     600.0
   32.00       5.9854    3.5150    2.7135   1456.0     600.0
   34.00       5.9854    3.5150    2.7135   1456.0     600.0
   34.00       5.8379    3.4373    2.6828   1456.0     600.0
   36.00       5.8379    3.4373    2.6828   1456.0     600.0
   36.00       5.7172    3.3729    2.6588   1456.0     600.0
   38.00       5.7172    3.3729    2.6588   1456.0     600.0
   38.00       5.7210    3.3750    2.6596   1456.0     600.0
   40.00       5.7210    3.3750    2.6596   1456.0     600.0
   40.00       5.9828    3.5136    2.7130   1456.0     600.0
   42.00       5.9828    3.5136    2.7130   1456.0     600.0
   42.00       6.4706    3.7649    2.8527   1456.0     600.0
   44.00       6.4706    3.7649    2.8527   1456.0     600.0
   44.00       7.0203    4.0427    2.9739   1456.0     600.0
   46.00       7.0203    4.0427    2.9739   1456.0     600.0
   46.00       7.6053    4.3412    3.1556    195.0      80.0
   100.00      7.6053    4.3412    3.1556    195.0      80.0
